image: 080302.pgm
resolution: 0.025000
origin: [-4.915083, -15.977570, 0.000000]
negate: 0
occupied_thresh: 0.65
free_thresh: 0.196

