image: 20200829-officeRoom.pgm
resolution: 0.050000
origin: [-1.000000, -13.800000, 0.000000]
negate: 0
occupied_thresh: 0.65
free_thresh: 0.196

