image: 300.pgm
resolution: 0.050000
origin: [-12.239412, -6.789929, 0.000000]
negate: 0
occupied_thresh: 0.65
free_thresh: 0.196

