image: 3cenglz.pgm
resolution: 0.050000
origin: [-52.004016, -6.951276, 0.000000]
negate: 0
occupied_thresh: 0.65
free_thresh: 0.196

