image: 3ceng.pgm
resolution: 0.050000
origin: [-61.004016, -8.501276, 0.000000]
negate: 0
occupied_thresh: 0.65
free_thresh: 0.196

