image: b300-8.pgm
resolution: 0.025000
origin: [-4.416807, -7.681778, 0.000000]
negate: 0
occupied_thresh: 0.65
free_thresh: 0.196

