image: gongyuan.pgm
resolution: 0.025000
origin: [-13.232345, -24.315532, 0.000000]
negate: 0
occupied_thresh: 0.65
free_thresh: 0.196

