image: guge.pgm
resolution: 0.050000
origin: [-12.541505, -1.696726, 0.000000]
negate: 0
occupied_thresh: 0.65
free_thresh: 0.196

