image: gy.pgm
resolution: 0.050000
origin: [-23.708847, -11.542355, 0.000000]
negate: 0
occupied_thresh: 0.65
free_thresh: 0.196

