image: test123.pgm
resolution: 0.025000
origin: [-15.293581, -7.873557, 0.000000]
negate: 0
occupied_thresh: 0.65
free_thresh: 0.196

