image: tttt.pgm
resolution: 0.050000
origin: [-6.756729, -11.204430, 0.000000]
negate: 0
occupied_thresh: 0.65
free_thresh: 0.196

