image: zhb30.pgm
resolution: 0.025000
origin: [-13.316481, -12.780788, 0.000000]
negate: 0
occupied_thresh: 0.65
free_thresh: 0.196

