image: zhb47.pgm
resolution: 0.025000
origin: [-14.981545, -19.137533, 0.000000]
negate: 0
occupied_thresh: 0.65
free_thresh: 0.196

