image: zhb44.pgm
resolution: 0.025000
origin: [-21.527896, -20.175173, 0.000000]
negate: 0
occupied_thresh: 0.65
free_thresh: 0.196

