image: zhb46.pgm
resolution: 0.025000
origin: [-13.523842, -19.238991, 0.000000]
negate: 0
occupied_thresh: 0.65
free_thresh: 0.196

