image: zhb43.pgm
resolution: 0.025000
origin: [-18.819087, -18.585673, 0.000000]
negate: 0
occupied_thresh: 0.65
free_thresh: 0.196

