image: zoulang.pgm
resolution: 0.025000
origin: [-13.379058, -10.611293, 0.000000]
negate: 0
occupied_thresh: 0.65
free_thresh: 0.196

